PS C:\Users\22428\Desktop\CS5420\project_6_highL_Huffman> python huffman_test.py -img ./19.jpg
0 1100111001
1 11001111
2 110110101
3 110111000
4 110000100
5 110000111
6 001011000
7 1110010001
8 1100011010
9 1100001010
10 1100000111
11 0011110000
12 0011111111
13 0011110001
14 1100001101
15 1100110111
16 1101111000
17 1101111001
18 000001000
19 001011011
20 001100011
21 001100010
22 001110110
23 001100000
24 001010110
25 001010010
26 000011011
27 000001100
28 1110010100
29 1101111100
30 1100011110
31 1100011100
32 1100111000
33 1100111010
34 1100000110
35 1100001100
36 0011101010
37 1100011000
38 1100000010
39 0011111110
40 0010100111
41 0000101010
42 0010100000
43 0010110101
44 0000111001
45 11100111111
46 0000111000
47 0000010110
48 11100111110
49 11011110100
50 0000101100
51 11100100111
52 11011110101
53 11100101110
54 11011111011
55 11011111010
56 0000010011
57 11100100110
58 11100101010
59 0000010100
60 11100101111
61 0000011110
62 0000110100
63 0000101110
64 0010110100
65 0010101111
66 0010100110
67 1101101000
68 001111001
69 00111110
70 0001
71 110100
72 0011011
73 001110111
74 1100011101
75 0011000011
76 0000010101
77 0000010111
78 001011100
79 11011100111
80 11011101110
81 11100100100
82 11011101011
83 0000110101
84 000011101
85 11011010011
86 11100101011
87 11011101001
88 11011100100
89 11011100110
90 11011101111
91 11100010010
92 11100111100
93 0000011010
94 11100111101
95 0000101011
96 0010100001
97 0010100010
98 0000011111
99 0010111011
100 0011101001
101 1100011001
102 1100110100
103 1110001000
104 000010100
105 110000000
106 111001110
107 11001100
108 1101100
109 00100
110 000000
111 0000100
112 11100110
113 0011010
114 1110000
115 110101
116 10
117 11101
118 1111
119 110010
120 1100010
121 11011011
122 00001111
123 001111011
124 1101111011
125 1100000011
126 11011101000
127 00110000100
128 110111001010
129 001110101110
130 000001001011
131 1100011111111
132 0011101011000
133 11000111110001
134 0000010010011
135 11011010010110
136 00111010110110
137 11000010110010
138 11011100101100
139 11000010110101
140 11001101101000
141 00101100101101
142 11000010111100
143 0000101101001
144 11000010111101
145 11001101101001
146 11011101101110
147 11011100101101
148 00101000110110
149 11000010111110
150 11011010010111
151 0000011011101
152 11011101101111
153 11011100101110
154 11000010111111
155 11001101101010
156 11000111111100
157 00101000110111
158 0010100011010
159 11100010011000
160 00101100101100
161 0000011011000
162 00111010110111
163 11000111110000
164 11001101101011
165 11100010011001
166 11011100101111
167 11001101101111
168 11100010011011
169 11001101101100
170 0000101111000
171 11011101101000
172 11000010110011
173 11011101101001
174 11001101101101
175 11000010110100
176 11001101101110
177 11100010011111
178 0000010010000
179 0000011011001
180 11100010011010
181 11000111111101
182 0000010010100
183 0000011011010
184 0010110010111
185 0000101111001
186 0010100011110
187 0000011011011
188 0000010010101
189 0000101111010
190 0010111010110
191 0000011011100
192 0000101101000
193 0011101011111
194 0000101111011
195 11100010011110
196 0000010010001
197 0000010010010
198 0011101011001
199 1101101001000
200 1100110110000
201 0010111010111
202 1100110110001
203 1110001001110
204 1101110110101
205 000010110101
206 001011001010
207 110000101110
208 001010001100
209 110001111101
210 00001011011
211 00101100100
212 11100100101
213 0010110011
214 1100110101
215 1110010110
216 001111010
217 00001100
218 0011001
219 01
220 0011100
221 111000101
222 001011110
223 1110010000
224 0011101000
225 11011101100
226 11000110111
227 00001011111
228 110011011001
229 110001101100
230 001011101010
231 1101101001001
232 1100001011000
233 0011101011110
234 0011101011010
235 1100001011011
236 0010100011111
237 1101110110110
238 1101101001010
239 1100011111001
240 000001101111
241 001010001110
242 110001101101
243 110001111110
244 00110000101
245 00101110100
246 11011101010
247 0010101110
248 1100111011
249 000001110
250 001011111
251 001111110
252 110000010
253 110111111
254 00101010
255 11100011

max code length: 14
min code length: 2
average bit:  4.4825341796875
Compression ratio:  1.7847047405130374
relative redundancy:  0.4396832275390625