5922
167
195
228
291
282
318
312
366
375
399
390
408
465
440
371
363
320
331
290
258
250
232
210
232
196
187
179
194
190
200
161
179
178
146
143
159
187
152
164
139
150
155
181
127
150
152
152
134
152
143
133
151
147
144
140
134
145
187
144
122
140
146
194
149
183
219
254
470
1042
8431
8537
656
361
254
209
155
146
134
138
121
147
155
155
152
159
142
137
154
146
157
145
148
149
165
165
184
158
160
180
194
210
264
342
427
625
1019
2159
6994
2432
1324
1438
1735
2389
3267
8692
82244
7349
2802
2140
1516
1221
823
682
498
364
293
181
152
125
66
60
40
20
27
13
13
23
22
23
17
16
13
12
11
11
17
20
20
14
22
15
11
16
16
15
16
18
9
18
20
23
17
19
12
15
17
14
18
20
15
29
19
15
12
14
17
12
19
18
25
21
20
18
24
16
17
29
15
23
15
23
17
19
15
27
28
21
21
22
28
34
35
42
30
54
77
86
97
166
163
229
289
365
398
592
1111
23976
29693
651
466
392
327
293
236
168
128
84
101
90
63
60
55
36
26
22
22
17
27
24
27
24
28
35
41
58
62
85
115
196
254
397
769
1521
416
5934